0.000000000000000000e+00
2.000000000000000042e-02
2.500000000000000139e-02
1.150000000000000050e-01
1.000000000000000056e-01
1.049999999999999961e-01
1.150000000000000050e-01
1.600000000000000033e-01
1.449999999999999900e-01
2.250000000000000056e-01
2.049999999999999878e-01
2.200000000000000011e-01
2.700000000000000178e-01
2.899999999999999800e-01
2.849999999999999756e-01
3.049999999999999933e-01
3.499999999999999778e-01
3.750000000000000000e-01
3.800000000000000044e-01
3.850000000000000089e-01
3.900000000000000133e-01
4.349999999999999978e-01
4.000000000000000222e-01
4.349999999999999978e-01
4.299999999999999933e-01
5.250000000000000222e-01
5.699999999999999512e-01
5.550000000000000488e-01
5.500000000000000444e-01
4.799999999999999822e-01
5.899999999999999689e-01
6.250000000000000000e-01
5.949999999999999734e-01
6.899999999999999467e-01
6.899999999999999467e-01
6.450000000000000178e-01
7.149999999999999689e-01
6.999999999999999556e-01
7.049999999999999600e-01
7.099999999999999645e-01
7.349999999999999867e-01
7.500000000000000000e-01
7.900000000000000355e-01
8.249999999999999556e-01
7.099999999999999645e-01
7.249999999999999778e-01
7.900000000000000355e-01
8.399999999999999689e-01
7.850000000000000311e-01
8.100000000000000533e-01
7.850000000000000311e-01
8.750000000000000000e-01
8.149999999999999467e-01
8.399999999999999689e-01
8.699999999999999956e-01
8.900000000000000133e-01
9.000000000000000222e-01
8.699999999999999956e-01
9.150000000000000355e-01
9.100000000000000311e-01
9.050000000000000266e-01
9.449999999999999512e-01
9.449999999999999512e-01
9.100000000000000311e-01
9.150000000000000355e-01
9.399999999999999467e-01
9.449999999999999512e-01
9.300000000000000488e-01
9.200000000000000400e-01
9.150000000000000355e-01
9.549999999999999600e-01
9.599999999999999645e-01
9.449999999999999512e-01
9.499999999999999556e-01
9.449999999999999512e-01
9.649999999999999689e-01
9.549999999999999600e-01
9.699999999999999734e-01
9.799999999999999822e-01
9.799999999999999822e-01
9.799999999999999822e-01
9.849999999999999867e-01
9.799999999999999822e-01
9.899999999999999911e-01
9.849999999999999867e-01
9.849999999999999867e-01
9.749999999999999778e-01
9.849999999999999867e-01
9.749999999999999778e-01
9.849999999999999867e-01
9.899999999999999911e-01
9.949999999999999956e-01
9.899999999999999911e-01
9.899999999999999911e-01
9.899999999999999911e-01
9.799999999999999822e-01
1.000000000000000000e+00
9.899999999999999911e-01
9.899999999999999911e-01
1.000000000000000000e+00
1.000000000000000000e+00
1.000000000000000000e+00
9.949999999999999956e-01
1.000000000000000000e+00
9.949999999999999956e-01
1.000000000000000000e+00
9.949999999999999956e-01
1.000000000000000000e+00
1.000000000000000000e+00
1.000000000000000000e+00
1.000000000000000000e+00
9.949999999999999956e-01
1.000000000000000000e+00
1.000000000000000000e+00
9.949999999999999956e-01
9.949999999999999956e-01
1.000000000000000000e+00
1.000000000000000000e+00
1.000000000000000000e+00
1.000000000000000000e+00
1.000000000000000000e+00
1.000000000000000000e+00
1.000000000000000000e+00
1.000000000000000000e+00
1.000000000000000000e+00
1.000000000000000000e+00
1.000000000000000000e+00
1.000000000000000000e+00
1.000000000000000000e+00
1.000000000000000000e+00
1.000000000000000000e+00
1.000000000000000000e+00
9.949999999999999956e-01
1.000000000000000000e+00
9.949999999999999956e-01
1.000000000000000000e+00
1.000000000000000000e+00
1.000000000000000000e+00
1.000000000000000000e+00
1.000000000000000000e+00
1.000000000000000000e+00
1.000000000000000000e+00
1.000000000000000000e+00
1.000000000000000000e+00
1.000000000000000000e+00
1.000000000000000000e+00
1.000000000000000000e+00
1.000000000000000000e+00
1.000000000000000000e+00
1.000000000000000000e+00
1.000000000000000000e+00
1.000000000000000000e+00
1.000000000000000000e+00
1.000000000000000000e+00
1.000000000000000000e+00
1.000000000000000000e+00
1.000000000000000000e+00
1.000000000000000000e+00
1.000000000000000000e+00
1.000000000000000000e+00
1.000000000000000000e+00
1.000000000000000000e+00
1.000000000000000000e+00
1.000000000000000000e+00
1.000000000000000000e+00
1.000000000000000000e+00
1.000000000000000000e+00
1.000000000000000000e+00
1.000000000000000000e+00
1.000000000000000000e+00
1.000000000000000000e+00
1.000000000000000000e+00
1.000000000000000000e+00
1.000000000000000000e+00
1.000000000000000000e+00
1.000000000000000000e+00
1.000000000000000000e+00
1.000000000000000000e+00
1.000000000000000000e+00
1.000000000000000000e+00
1.000000000000000000e+00
1.000000000000000000e+00
1.000000000000000000e+00
1.000000000000000000e+00
1.000000000000000000e+00
1.000000000000000000e+00
1.000000000000000000e+00
1.000000000000000000e+00
1.000000000000000000e+00
1.000000000000000000e+00
1.000000000000000000e+00
1.000000000000000000e+00
1.000000000000000000e+00
1.000000000000000000e+00
1.000000000000000000e+00
1.000000000000000000e+00
1.000000000000000000e+00
1.000000000000000000e+00
1.000000000000000000e+00
1.000000000000000000e+00
