0.000000000000000000e+00
7.499999999999999722e-03
1.499999999999999944e-02
2.249999999999999917e-02
2.999999999999999889e-02
3.749999999999999861e-02
4.499999999999999833e-02
5.249999999999999806e-02
5.999999999999999778e-02
6.750000000000000444e-02
7.500000000000001110e-02
8.250000000000001776e-02
9.000000000000002442e-02
9.750000000000003109e-02
1.050000000000000377e-01
1.125000000000000444e-01
1.200000000000000511e-01
1.275000000000000577e-01
1.350000000000000644e-01
1.425000000000000711e-01
1.500000000000000777e-01
1.575000000000000844e-01
1.650000000000000910e-01
1.725000000000000977e-01
1.800000000000001044e-01
1.875000000000001110e-01
1.950000000000001177e-01
2.025000000000001243e-01
2.100000000000001310e-01
2.175000000000001377e-01
2.250000000000001443e-01
2.325000000000001510e-01
2.400000000000001577e-01
2.475000000000001643e-01
2.550000000000001710e-01
2.625000000000001776e-01
2.700000000000001843e-01
2.775000000000001910e-01
2.850000000000001976e-01
2.925000000000002043e-01
3.000000000000002109e-01
3.075000000000002176e-01
3.150000000000002243e-01
3.225000000000002309e-01
3.300000000000002376e-01
3.375000000000002442e-01
3.450000000000002509e-01
3.525000000000002576e-01
3.600000000000002642e-01
3.675000000000002709e-01
3.750000000000002776e-01
3.825000000000002842e-01
3.900000000000002909e-01
3.975000000000002975e-01
4.050000000000003042e-01
4.125000000000003109e-01
4.200000000000003175e-01
4.275000000000003242e-01
4.350000000000003308e-01
4.425000000000003375e-01
4.500000000000003442e-01
4.575000000000003508e-01
4.650000000000003575e-01
4.725000000000003642e-01
4.800000000000003708e-01
4.875000000000003775e-01
4.950000000000003841e-01
5.025000000000003908e-01
5.100000000000003419e-01
5.175000000000002931e-01
5.250000000000002442e-01
5.325000000000001954e-01
5.400000000000001465e-01
5.475000000000000977e-01
5.550000000000000488e-01
5.625000000000000000e-01
5.699999999999999512e-01
5.774999999999999023e-01
5.849999999999998535e-01
5.924999999999998046e-01
5.999999999999997558e-01
6.074999999999997069e-01
6.149999999999996581e-01
6.224999999999996092e-01
6.299999999999995604e-01
6.374999999999995115e-01
6.449999999999994627e-01
6.524999999999994138e-01
6.599999999999993650e-01
6.674999999999993161e-01
6.749999999999992673e-01
6.824999999999992184e-01
6.899999999999991696e-01
6.974999999999991207e-01
7.049999999999990719e-01
7.124999999999990230e-01
7.199999999999989742e-01
7.274999999999989253e-01
7.349999999999988765e-01
7.424999999999988276e-01
7.499999999999987788e-01
7.574999999999987299e-01
7.649999999999986811e-01
7.724999999999986322e-01
7.799999999999985834e-01
7.874999999999985345e-01
7.949999999999984857e-01
8.024999999999984368e-01
8.099999999999983880e-01
8.174999999999983391e-01
8.249999999999982903e-01
8.324999999999982414e-01
8.399999999999981926e-01
8.474999999999981437e-01
8.549999999999980949e-01
8.624999999999980460e-01
8.699999999999979972e-01
8.774999999999979483e-01
8.849999999999978995e-01
8.924999999999978506e-01
8.999999999999978018e-01
9.074999999999977529e-01
9.149999999999977041e-01
9.224999999999976552e-01
9.299999999999976064e-01
9.374999999999975575e-01
9.449999999999975087e-01
9.524999999999974598e-01
9.599999999999974110e-01
9.674999999999973621e-01
9.749999999999973133e-01
9.824999999999972644e-01
9.899999999999972156e-01
9.974999999999971667e-01
1.004999999999997229e+00
1.012499999999997291e+00
1.019999999999997353e+00
1.027499999999997415e+00
1.034999999999997478e+00
1.042499999999997540e+00
1.049999999999997602e+00
1.057499999999997664e+00
1.064999999999997726e+00
1.072499999999997788e+00
1.079999999999997851e+00
1.087499999999997913e+00
1.094999999999997975e+00
1.102499999999998037e+00
1.109999999999998099e+00
1.117499999999998161e+00
1.124999999999998224e+00
1.132499999999998286e+00
1.139999999999998348e+00
1.147499999999998410e+00
1.154999999999998472e+00
1.162499999999998535e+00
1.169999999999998597e+00
1.177499999999998659e+00
1.184999999999998721e+00
1.192499999999998783e+00
1.199999999999998845e+00
1.207499999999998908e+00
1.214999999999998970e+00
1.222499999999999032e+00
1.229999999999999094e+00
1.237499999999999156e+00
1.244999999999999218e+00
1.252499999999999281e+00
1.259999999999999343e+00
1.267499999999999405e+00
1.274999999999999467e+00
1.282499999999999529e+00
1.289999999999999591e+00
1.297499999999999654e+00
1.304999999999999716e+00
1.312499999999999778e+00
1.319999999999999840e+00
1.327499999999999902e+00
1.334999999999999964e+00
1.342500000000000027e+00
1.350000000000000089e+00
1.357500000000000151e+00
1.365000000000000213e+00
1.372500000000000275e+00
1.380000000000000338e+00
1.387500000000000400e+00
1.395000000000000462e+00
1.402500000000000524e+00
1.410000000000000586e+00
1.417500000000000648e+00
1.425000000000000711e+00
1.432500000000000773e+00
1.440000000000000835e+00
1.447500000000000897e+00
1.455000000000000959e+00
1.462500000000001021e+00
1.470000000000001084e+00
1.477500000000001146e+00
1.485000000000001208e+00
1.492500000000001270e+00
